<ReferenceVideo: /Users/hannahwilberding/Documents/Documents - Hannah’s MacBook Pro/GitHub.tmp/parking-ai/Inflow_Outflow/Data/Inflow/Car/car1.mp4>
[[(384, 290)], 14451.5, 14451.5, 14451.5]
[[(901, 266)], 15809.5, 15809.5, 15809.5]
[[(943, 253), (943, 253), (943, 253), (943, 252), (943, 252), (943, 251), (943, 252), (939, 259)], 11470.0, 11574.0, 11787.5]
[[(958, 46), (944, 42), (926, 37), (891, 30)], 12150.125, 12430.0, 13601.0]
[[(866, 248), (868, 257), (847, 244), (847, 252), (845, 246), (822, 234), (790, 237), (773, 235), (755, 234), (737, 236), (723, 236), (703, 236), (680, 241), (686, 249), (704, 239), (692, 239), (616, 239), (598, 238), (574, 238), (549, 237), (518, 239), (493, 239), (463, 239), (432, 239), (396, 241), (366, 240), (335, 241), (305, 242), (284, 241), (266, 242), (248, 241), (230, 240), (213, 240), (196, 242), (179, 243), (163, 245), (145, 248), (128, 252), (111, 256), (95, 261), (78, 265), (63, 272), (50, 290)], 82616.6046511628, 88841.5, 132681.5]
[[(885, 229), (902, 215), (880, 194), (887, 203), (870, 175), (860, 166), (830, 191), (809, 189), (792, 190), (771, 194), (746, 195), (719, 196), (719, 205), (661, 201), (629, 202)], 69739.7, 68393.0, 101998.0]
[[(943, 251), (943, 252), (942, 251), (943, 250), (943, 251), (942, 251), (942, 251), (943, 252), (943, 252), (943, 251), (943, 251), (943, 251), (939, 257)], 11341.346153846154, 11430.5, 11548.5]
[[(880, 208), (869, 210), (868, 205), (852, 203), (836, 206), (816, 206), (792, 203), (777, 207), (739, 205), (746, 226), (676, 212), (612, 220), (585, 218), (544, 216), (501, 216), (459, 216), (411, 218), (359, 220), (303, 219), (264, 220), (232, 217), (199, 215), (167, 217), (136, 222), (105, 230), (83, 258), (57, 275)], 79118.42592592593, 87798.0, 136566.5]<ReferenceVideo: /Users/hannahwilberding/Documents/Documents - Hannah’s MacBook Pro/GitHub.tmp/parking-ai/Inflow_Outflow/Data/Inflow/Car/car2.mp4>
[[(833, 172), (880, 184)], 21454.25, 21454.25, 27170.5]
[[(886, 185)], 23269.0, 23269.0, 23269.0]
[[(882, 183), (927, 181)], 21197.5, 21197.5, 30691.0]
[[(859, 191), (854, 186), (894, 189)], 33084.0, 34026.0, 37443.0]
[[(773, 212), (774, 214), (775, 213), (808, 191), (855, 189)], 20620.1, 11523.0, 46853.0]
[[(794, 178), (793, 179), (812, 182), (838, 190), (850, 187), (845, 188), (847, 192), (804, 193), (798, 192), (840, 196), (840, 196), (841, 196), (807, 192), (808, 192), (839, 196), (846, 196), (809, 196), (848, 198), (813, 198), (814, 202), (817, 199), (841, 202), (826, 202), (821, 204), (819, 200), (826, 206), (830, 206), (852, 207), (832, 208), (843, 210), (835, 209), (835, 209), (837, 210), (834, 209), (872, 224), (833, 211), (803, 207), (796, 210), (786, 214), (771, 214), (746, 214), (726, 210), (710, 211), (684, 226), (650, 224), (616, 225), (578, 224), (342, 216), (285, 215), (246, 214), (210, 211), (177, 213), (146, 215), (114, 221), (85, 229), (56, 238)], 60805.169642857145, 47966.0, 198827.0]
[[(842, 213), (843, 213), (842, 212), (843, 215), (845, 214), (844, 215), (844, 214), (843, 215), (842, 212), (842, 213), (844, 214), (842, 214), (842, 214), (843, 215), (842, 212), (841, 214), (841, 214), (840, 214), (840, 213), (833, 214), (828, 217), (813, 239), (859, 206), (910, 213), (899, 207), (886, 206), (879, 211), (720, 213), (537, 197), (487, 191), (590, 206), (357, 180), (284, 178), (237, 176), (199, 171), (160, 172), (126, 176), (92, 184), (65, 201)], 66565.29487179487, 57019.5, 191341.5]<ReferenceVideo: /Users/hannahwilberding/Documents/Documents - Hannah’s MacBook Pro/GitHub.tmp/parking-ai/Inflow_Outflow/Data/Inflow/Car/car6.mp4>
[[(837, 147), (835, 149), (859, 150), (868, 160)], 14996.125, 14696.0, 19353.0]
[[(837, 165), (859, 150), (857, 147)], 21322.0, 19823.5, 25938.0]
[[(834, 170), (832, 172), (830, 171), (788, 178), (803, 176), (824, 175), (827, 175), (825, 172), (792, 175), (816, 173), (825, 172), (821, 173), (796, 175), (794, 174), (791, 178), (809, 177), (794, 178), (793, 177), (790, 181)], 23820.026315789473, 24386.5, 28758.5]
[[(858, 171), (842, 168)], 14677.5, 14677.5, 16012.5]
[[(858, 171), (871, 160), (871, 159)], 13634.833333333334, 12688.5, 16012.0]
[[(868, 158), (872, 158)], 11928.75, 11928.75, 12221.0]
[[(902, 152), (896, 148)], 15883.75, 15883.75, 16754.5]
[[(906, 146), (898, 145)], 15238.25, 15238.25, 15429.5]
[[(700, 214), (685, 233), (663, 232), (630, 234), (604, 230), (571, 227), (533, 221), (474, 218), (417, 212), (341, 203), (275, 198), (233, 191), (191, 186), (153, 183), (114, 189), (83, 192), (60, 219)], 72283.73529411765, 71086.0, 134883.5]<ReferenceVideo: /Users/hannahwilberding/Documents/Documents - Hannah’s MacBook Pro/GitHub.tmp/parking-ai/Inflow_Outflow/Data/Inflow/Car/car7.mp4>
[[(924, 205)], 14863.0, 14863.0, 14863.0]
[[(833, 169)], 12730.0, 12730.0, 12730.0]
[[(879, 187)], 26798.0, 26798.0, 26798.0]
[[(878, 182), (883, 188)], 28997.25, 28997.25, 32215.0]
[[(883, 182)], 30187.5, 30187.5, 30187.5]
[[(887, 184), (879, 180), (852, 196)], 28663.333333333332, 27641.5, 33428.5]
[[(777, 220), (805, 206), (846, 194)], 22907.666666666668, 19748.5, 38744.5]
[[(791, 190), (840, 191), (804, 192), (802, 188), (801, 186), (837, 188), (794, 189), (799, 190), (798, 190), (798, 191), (836, 195), (800, 191), (800, 188), (804, 189), (805, 193), (837, 199), (836, 198), (831, 195), (811, 195), (824, 195), (832, 197), (833, 197), (832, 198), (834, 198), (818, 196), (828, 199), (823, 201), (826, 200), (826, 200), (833, 206), (833, 206), (838, 207), (836, 208), (837, 207), (837, 208), (838, 209), (839, 209), (842, 210), (841, 210), (840, 212), (831, 209), (832, 209), (854, 185), (834, 220)], 43445.90909090909, 47611.25, 58189.5]
[[(767, 264), (732, 262), (746, 218), (720, 218), (698, 219), (717, 230), (682, 227), (646, 222), (609, 218), (567, 216), (335, 204), (276, 201), (235, 196), (194, 191), (155, 193), (119, 199), (87, 208), (67, 250)], 97188.77777777778, 93138.5, 215928.5]<ReferenceVideo: /Users/hannahwilberding/Documents/Documents - Hannah’s MacBook Pro/GitHub.tmp/parking-ai/Inflow_Outflow/Data/Inflow/Car/car8.mp4>
[[(832, 177)], 14689.5, 14689.5, 14689.5]
[[(886, 194)], 22041.0, 22041.0, 22041.0]
[[(877, 186), (858, 189)], 31529.0, 31529.0, 37184.0]
[[(852, 188), (878, 183), (878, 180)], 32958.833333333336, 31799.5, 36461.5]
[[(818, 181), (849, 186), (848, 189), (836, 188), (845, 188), (848, 190)], 40030.333333333336, 42318.0, 43817.0]
[[(746, 213), (714, 198)], 12257.0, 12257.0, 14505.5]
[[(789, 184), (841, 184), (837, 190), (840, 187), (839, 190), (843, 195), (795, 189), (836, 192), (796, 190), (835, 192), (836, 193), (812, 197), (804, 192), (805, 193), (837, 193), (841, 195), (839, 195), (839, 195), (815, 198), (815, 198), (815, 198), (819, 199), (838, 202), (837, 203), (838, 204), (824, 202), (824, 201), (826, 203), (839, 206), (833, 205), (833, 205), (841, 209), (836, 208), (836, 208), (842, 212), (848, 210), (845, 216), (843, 214), (840, 212), (889, 188), (865, 193), (848, 197)], 44879.416666666664, 47448.5, 61811.5]
[[(936, 178)], 15512.0, 15512.0, 15512.0]
[[(766, 235), (744, 243), (746, 266), (724, 261), (747, 216), (733, 217), (683, 235), (696, 209), (682, 210), (716, 220), (576, 217), (549, 207), (523, 196), (648, 197), (635, 192), (642, 195), (613, 187), (383, 147), (360, 134), (344, 124), (328, 115), (316, 107), (311, 102), (306, 100), (302, 96), (301, 95), (300, 94), (299, 92), (298, 91), (297, 91), (294, 90), (294, 89), (295, 89), (294, 88), (295, 87), (294, 87), (293, 86), (292, 85), (291, 85), (291, 84), (291, 83), (291, 83), (290, 83), (291, 83), (290, 84), (290, 84), (290, 96), (291, 98), (291, 98), (291, 98), (291, 98), (291, 98), (292, 99), (292, 100), (292, 100), (270, 88), (270, 89)], 49492.70175438596, 33698.5, 172170.0]
[[(290, 101), (292, 102), (290, 101), (287, 101)], 22475.75, 22477.75, 22779.5]
[[(960, 48), (926, 38), (875, 25)], 9808.166666666666, 9944.0, 11683.0]
[[(957, 51), (929, 40)], 11483.75, 11483.75, 12649.5]
[[(845, 216), (846, 217), (846, 217), (845, 217), (845, 217), (846, 217), (845, 216), (845, 214), (845, 216), (844, 217), (844, 213), (844, 213), (844, 212), (843, 213), (844, 212), (843, 212), (843, 212), (844, 213), (844, 213), (843, 213), (844, 213), (843, 212), (844, 213), (844, 213), (843, 213), (843, 213), (843, 213), (843, 213), (843, 213), (842, 212), (842, 212), (842, 212), (842, 212), (843, 213), (843, 213), (842, 212), (843, 213), (843, 213), (843, 213), (843, 212), (844, 213), (844, 213), (844, 213), (844, 213), (844, 213), (843, 213), (844, 213), (844, 213), (844, 213), (844, 213), (844, 213), (843, 213), (843, 213), (839, 213), (839, 214), (839, 213), (839, 214), (839, 214), (838, 213), (838, 213), (838, 213), (838, 213), (838, 213), (838, 213), (838, 213), (838, 213), (838, 213), (838, 213), (838, 213), (838, 213), (838, 213), (839, 215), (839, 215), (839, 215), (839, 215), (839, 215), (839, 215), (839, 215), (839, 215), (839, 215), (844, 215), (839, 215), (839, 215), (839, 215), (839, 216), (844, 215), (839, 215), (839, 215), (839, 215), (839, 215), (838, 214), (839, 216), (840, 217), (839, 216), (839, 216), (840, 217), (840, 217), (840, 217), (840, 217), (839, 217), (838, 216), (837, 215), (839, 215), (837, 215), (846, 217), (846, 217), (842, 216), (843, 216), (844, 216), (841, 216), (839, 215), (841, 213), (845, 217), (814, 209), (840, 213), (844, 214), (846, 208), (847, 211), (850, 212), (848, 209), (804, 209), (844, 215), (846, 207), (848, 209), (849, 216), (851, 214), (836, 212), (792, 194), (794, 194), (840, 201), (842, 199), (905, 202), (840, 199), (854, 200)], 49475.99253731343, 49943.5, 57695.0]
[[(922, 218), (896, 202), (898, 203), (893, 200), (856, 197)], 30200.0, 30968.5, 43430.0]
[[(921, 212), (885, 191), (858, 193)], 29028.833333333332, 31093.5, 41820.0]
[[(884, 192)], 32371.0, 32371.0, 32371.0]
[[(923, 215), (883, 197)], 23596.75, 23596.75, 31788.0]
[[(927, 223)], 18221.0, 18221.0, 18221.0]
[[(829, 172)], 15728.0, 15728.0, 15728.0]
[[(955, 49), (913, 36)], 10767.25, 10767.25, 11135.5]
[[(341, 147), (338, 148), (341, 150), (342, 151), (346, 156), (351, 160), (360, 164), (361, 167), (367, 146), (372, 148), (345, 140), (351, 144), (361, 150), (370, 156), (377, 159), (383, 163), (388, 165), (393, 169), (400, 172), (401, 172), (402, 172), (401, 173), (402, 173), (402, 173), (403, 173), (403, 174), (402, 174), (403, 175), (401, 174), (401, 174), (400, 173), (396, 172), (390, 171), (384, 169), (378, 168), (368, 166), (357, 163), (342, 158), (324, 152), (302, 148), (278, 144), (252, 138), (218, 143), (202, 138), (196, 132), (178, 124), (159, 128), (145, 126), (131, 123), (115, 120), (99, 120), (81, 120), (64, 125)], 60523.6037735849, 73213.0, 82315.0]<ReferenceVideo: /Users/hannahwilberding/Documents/Documents - Hannah’s MacBook Pro/GitHub.tmp/parking-ai/Inflow_Outflow/Data/Inflow/Car/car9.mp4>
[[(878, 185), (881, 192)], 31536.75, 31536.75, 32214.5]
[[(879, 185)], 31700.0, 31700.0, 31700.0]
[[(880, 183), (877, 180), (892, 192), (878, 181), (860, 187), (868, 197)], 30818.666666666668, 31746.5, 42562.5]
[[(900, 198), (874, 190)], 22563.75, 22563.75, 25797.5]
[[(776, 218), (776, 219), (798, 185), (834, 189), (847, 188)], 26560.7, 24629.5, 46132.0]
[[(966, 49), (948, 40), (919, 33), (877, 25)], 10374.0, 10499.0, 12623.0]
[[(885, 212)], 36550.5, 36550.5, 36550.5]
[[(788, 181), (792, 181), (796, 178), (837, 190), (838, 186), (838, 189), (794, 184), (797, 184), (798, 184), (841, 188), (838, 190), (803, 185), (803, 186), (807, 187), (837, 192), (837, 192), (809, 189), (836, 194), (813, 190), (814, 191), (817, 192), (817, 192), (819, 193), (821, 194), (821, 194), (830, 198), (830, 198), (825, 198), (825, 199), (820, 183), (862, 214), (807, 181), (805, 201), (800, 206), (777, 224), (776, 220), (725, 221), (730, 203), (712, 206), (711, 227), (677, 229), (562, 222), (507, 225), (610, 220), (430, 221), (382, 220), (327, 220), (281, 219), (246, 219), (215, 217), (181, 217), (148, 220), (117, 225), (87, 233), (57, 241)], 62498.281818181815, 50923.5, 173744.5]
[[(937, 171), (896, 177), (815, 195), (787, 194), (742, 196), (739, 220), (707, 224), (551, 211), (507, 207), (602, 211), (562, 210), (321, 192), (266, 189), (229, 184), (193, 181), (162, 181), (132, 185), (103, 194), (78, 210), (58, 241)], 90569.15, 84299.75, 216832.0]<ReferenceVideo: /Users/hannahwilberding/Documents/Documents - Hannah’s MacBook Pro/GitHub.tmp/parking-ai/Inflow_Outflow/Data/Inflow/Car/car10.mp4>
[[(387, 286)], 13581.0, 13581.0, 13581.0]
[[(500, 239)], 26254.0, 26254.0, 26254.0]
[[(363, 249), (496, 241), (650, 226), (538, 233), (336, 238), (286, 238), (253, 237), (222, 235), (191, 235), (165, 236), (132, 243), (101, 251), (74, 254), (50, 281)], 85087.92857142857, 92243.25, 177715.0]<ReferenceVideo: /Users/hannahwilberding/Documents/Documents - Hannah’s MacBook Pro/GitHub.tmp/parking-ai/Inflow_Outflow/Data/Inflow/Car/car12.mp4>
[[(876, 226), (885, 227), (894, 234), (899, 237), (902, 237), (904, 236), (906, 236), (908, 236), (908, 236), (908, 235), (908, 232), (908, 232), (907, 230), (904, 233), (889, 265), (902, 203), (846, 147), (786, 155), (722, 157), (617, 162), (530, 165), (429, 184), (347, 205), (325, 212), (289, 199), (224, 221), (144, 233)], 91839.61111111111, 29967.0, 279490.0]
[[(94, 308)], 26658.5, 26658.5, 26658.5]